validation:
-------------------------------------------------
           FPR@95  AUROC  AUPR_IN  AUPR_OUT   ACC
cifar100    54.39  87.23    91.84     76.87 95.22
tin         40.74  89.84    94.90     77.63 95.22
nearood     47.57  88.53    93.37     77.25 95.22

mnist       17.86  94.25    88.93     97.49 95.22
svhn        18.71  94.32    93.40     94.59 95.22
texture     22.08  94.70    98.22     85.19 95.22
places365   44.47  89.15    80.75     92.97 95.22
farood      25.78  93.11    90.32     92.56 95.22

testing:
-------------------------------------------------

           FPR@95  AUROC  AUPR_IN  AUPR_OUT   ACC
cifar100    52.32  87.65    92.41     77.51 95.22
tin         43.66  89.31    94.38     76.95 95.22
nearood     47.99  88.48    93.39     77.23 95.22

mnist       18.34  94.25    88.95     97.50 95.22
svhn        18.71  94.45    93.59     94.67 95.22
texture     21.26  94.82    98.22     85.81 95.22
places365   44.64  89.13    80.25     92.94 95.22
farood      25.74  93.16    90.25     92.73 95.22

total:
-------------------------------------------------
           FPR@95  AUROC  AUPR_IN  AUPR_OUT   ACC
cifar100    53.59  87.44    85.89     86.42 95.22
tin         42.51  89.57    90.28     86.57 95.22
nearood     48.05  88.51    88.09     86.49 95.22

mnist       18.07  94.25    83.87     98.73 95.22
svhn        18.71  94.39    89.35     97.19 95.22
texture     21.79  94.76    96.68     91.55 95.22
places365   44.48  89.14    69.03     96.26 95.22
farood      25.76  93.14    84.73     95.93 95.22

neovim validation:
-------------------------------------------------
           FPR@95  AUROC  AUPR_IN  AUPR_OUT   ACC
cifar100    54.16  87.36    91.96     76.92 95.22
tin         40.18  89.90    94.95     77.70 95.22
nearood     47.17  88.63    93.45     77.31 95.22

mnist       18.34  94.03    88.73     97.35 95.22
svhn        18.67  94.45    93.52     94.70 95.22
texture     22.01  94.70    98.23     85.05 95.22
places365   43.27  89.33    81.19     93.04 95.22
farood      25.57  93.13    90.42     92.54 95.22

neovim validation layer3:
-------------------------------------------------
           FPR@95  AUROC  AUPR_IN  AUPR_OUT   ACC
cifar100    53.33  87.55    92.08     77.03 95.22
tin         38.14  90.05    95.03     77.63 95.22
nearood     45.74  88.80    93.56     77.33 95.22

mnist       18.30  93.89    88.59     97.25 95.22
svhn        18.64  94.34    93.43     94.51 95.22
texture     21.01  94.76    98.27     84.98 95.22
places365   40.40  89.60    81.92     93.12 95.22
farood      24.59  93.15    90.55     92.47 95.22


cam + feature clustering
-------------------------------------------------
           FPR@95  AUROC  AUPR_IN  AUPR_OUT   ACC
cifar100    51.39  88.04    92.98     78.29 95.22
tin         38.36  90.95    95.71     80.24 95.22
nearood     44.87  89.49    94.34     79.27 95.22
mnist       32.94  91.97    79.93     97.08 95.22
svhn        26.42  91.86    91.24     91.68 95.22
texture     26.63  93.05    97.69     79.95 95.22
places365   36.69  91.18    86.10     94.42 95.22
farood      30.67  92.02    88.74     90.78 95.22

feature clustering
-------------------------------------------------
           FPR@95  AUROC  AUPR_IN  AUPR_OUT   ACC
cifar100    43.76  89.01    93.82     78.87 95.22
tin         30.90  91.42    96.12     80.17 95.22
nearood     37.33  90.22    94.97     79.52 95.22
mnist       23.84  93.35    85.55     97.50 95.22
svhn        23.24  92.06    91.86     91.68 95.22
texture     25.98  92.74    97.65     78.38 95.22
places365   32.33  91.42    86.93     94.42 95.22
farood      26.35  92.39    90.50     90.49 95.22


limevim
-------------------------------------------------
           FPR@95  AUROC  AUPR_IN  AUPR_OUT   ACC
cifar100    53.29  87.54    92.06     77.03 95.22
tin         38.68  90.04    95.02     77.61 95.22
nearood     45.98  88.79    93.54     77.32 95.22
mnist       18.34  93.86    88.49     97.24 95.22
svhn        18.56  94.36    93.46     94.52 95.22
texture     21.11  94.77    98.27     84.99 95.22
places365   40.72  89.60    81.88     93.12 95.22
farood      24.68  93.15    90.52     92.47 95.22
